15 0.460449 0.498698 0.262695 0.984375
15 0.667969 0.500000 0.216797 0.989583
15 0.129395 0.197917 0.250977 0.205729
15 0.172363 0.707031 0.342773 0.559896
15 0.219727 0.626302 0.298828 0.721354
15 0.665039 0.141927 0.109375 0.270833
15 0.226562 0.887370 0.357422 0.225260
15 0.890137 0.287109 0.147461 0.555990
15 0.899902 0.852214 0.200195 0.295573
17 0.475586 0.492188 0.068359 0.320312
17 0.875000 0.545573 0.021484 0.117188
17 0.241211 0.516276 0.042969 0.144531
17 0.563965 0.708984 0.020508 0.342448
