16 0.530100 0.501348 0.919732 0.997305
15 0.359532 0.246631 0.076923 0.202156
15 0.603679 0.536388 0.090301 0.199461
15 0.275920 0.846361 0.083612 0.301887
15 0.775920 0.544474 0.073579 0.269542
15 0.623746 0.314016 0.056856 0.115903
15 0.742475 0.144205 0.046823 0.153639
15 0.441472 0.632075 0.066890 0.202156
15 0.225753 0.080863 0.050167 0.145553
15 0.299331 0.514825 0.076923 0.231806
15 0.469900 0.942049 0.056856 0.115903
15 0.710702 0.816712 0.043478 0.102426
15 0.469900 0.436658 0.056856 0.140162
15 0.508361 0.059299 0.080268 0.113208
15 0.814381 0.210243 0.070234 0.404313
15 0.187291 0.913747 0.040134 0.123989
15 0.110368 0.072776 0.060201 0.113208
15 0.172241 0.388140 0.070234 0.177898
15 0.122074 0.738544 0.030100 0.118598
15 0.105351 0.908356 0.016722 0.118598
15 0.538462 0.285714 0.046823 0.059299
15 0.287625 0.246631 0.060201 0.126685
15 0.595318 0.061995 0.033445 0.118598
15 0.374582 0.854447 0.026756 0.183288
15 0.921405 0.893531 0.070234 0.212938
