15 0.495714 0.663706 0.988571 0.662437
15 0.291429 0.157360 0.571429 0.289340
16 0.592857 0.821066 0.314286 0.210660
15 0.072857 0.743655 0.045714 0.030457
15 0.112143 0.936548 0.047143 0.040609
15 0.166429 0.843909 0.055714 0.058376
15 0.234286 0.746193 0.051429 0.045685
15 0.174286 0.697970 0.071429 0.035533
15 0.310000 0.921320 0.048571 0.050761
15 0.521429 0.815990 0.060000 0.088832
15 0.633571 0.845178 0.101429 0.106599
15 0.318571 0.692893 0.034286 0.020305
15 0.341429 0.803299 0.074286 0.078680
15 0.597857 0.505076 0.067143 0.076142
15 0.499286 0.568528 0.081429 0.071066
15 0.802143 0.441624 0.075714 0.065990
15 0.892857 0.762690 0.085714 0.058376
15 0.783571 0.634518 0.110000 0.091371
15 0.912857 0.436548 0.034286 0.086294
15 0.272143 0.524112 0.092857 0.027919
15 0.347143 0.097716 0.034286 0.083756
15 0.418571 0.076142 0.037143 0.055838
16 0.830000 0.276650 0.302857 0.157360
15 0.627857 0.697970 0.141429 0.076142
