15 0.501111 0.536296 0.997778 0.897778
16 0.538333 0.491852 0.118889 0.041481
16 0.188333 0.434815 0.081111 0.084444
16 0.729444 0.773333 0.116667 0.139259
15 0.360556 0.810370 0.096667 0.100741
15 0.248333 0.566667 0.174444 0.063704
15 0.244444 0.153333 0.166667 0.093333
15 0.712778 0.451111 0.087778 0.075556
15 0.711111 0.536296 0.077778 0.053333
15 0.952222 0.854815 0.095556 0.112593
15 0.924444 0.594815 0.066667 0.075556
15 0.570556 0.891852 0.127778 0.074074
15 0.366111 0.368148 0.138889 0.117037
15 0.947222 0.413333 0.105556 0.085926
15 0.422778 0.727407 0.070000 0.056296
15 0.466111 0.815556 0.078889 0.051852
15 0.692222 0.640741 0.142222 0.093333
15 0.583889 0.345185 0.036667 0.044444
15 0.751667 0.394074 0.083333 0.088889
15 0.112778 0.631852 0.045556 0.072593
15 0.838889 0.898519 0.066667 0.128889
15 0.164444 0.795556 0.104444 0.106667
