16 0.509785 0.500977 0.976517 0.984375
17 0.174168 0.214844 0.050881 0.095703
16 0.390411 0.468750 0.072407 0.044922
17 0.381605 0.443359 0.000000 0.001953
17 0.157534 0.551758 0.072407 0.105469
17 0.308219 0.742188 0.041096 0.103516
17 0.670254 0.696289 0.119374 0.136719
17 0.442270 0.860352 0.090020 0.074219
17 0.509785 0.969727 0.095890 0.042969
17 0.492172 0.369141 0.154599 0.197266
17 0.088063 0.297852 0.054795 0.074219
17 0.196673 0.385742 0.107632 0.144531
17 0.772016 0.364258 0.135029 0.160156
