16 0.503472 0.500000 0.993056 0.980583
17 0.518519 0.915858 0.370370 0.077670
17 0.605324 0.601942 0.155093 0.071197
17 0.238426 0.682848 0.291667 0.122977
17 0.074074 0.220065 0.120370 0.045307
17 0.081019 0.341424 0.134259 0.048544
17 0.334491 0.297735 0.067130 0.064725
17 0.454861 0.239482 0.053241 0.064725
17 0.672454 0.260518 0.331019 0.055016
17 0.694444 0.419094 0.097222 0.061489
17 0.609954 0.381877 0.108796 0.097087
17 0.468750 0.373786 0.094907 0.093851
17 0.390046 0.404531 0.062500 0.077670
17 0.274306 0.402913 0.081019 0.061489
17 0.189815 0.402913 0.078704 0.055016
17 0.175926 0.459547 0.148148 0.051780
17 0.346065 0.527508 0.418981 0.122977
17 0.893519 0.770227 0.078704 0.077670
17 0.520833 0.694175 0.083333 0.061489
17 0.664352 0.658576 0.074074 0.100324
17 0.861111 0.456311 0.277778 0.304207
17 0.049769 0.634304 0.085648 0.103560
