16 0.523654 0.502143 0.952692 0.995714
17 0.413540 0.796429 0.079935 0.192857
17 0.417618 0.625714 0.075041 0.111429
17 0.540783 0.361429 0.050571 0.111429
17 0.348287 0.384286 0.079935 0.180000
17 0.758564 0.455000 0.094617 0.215714
17 0.696574 0.752857 0.120718 0.185714
17 0.238989 0.601429 0.079935 0.114286
17 0.244698 0.947857 0.078303 0.101429
17 0.389886 0.967857 0.104405 0.064286
17 0.783034 0.142857 0.101142 0.120000
17 0.331158 0.132143 0.035889 0.110000
17 0.224307 0.112857 0.024470 0.091429
17 0.560359 0.175714 0.066884 0.102857
17 0.121533 0.575000 0.050571 0.127143
17 0.214519 0.320714 0.086460 0.198571
17 0.599511 0.565000 0.102773 0.150000
17 0.452692 0.463571 0.063622 0.135714
17 0.876020 0.244286 0.026101 0.131429
17 0.909462 0.842143 0.053834 0.281429
17 0.796900 0.856429 0.047308 0.132857
