17 0.043945 0.163086 0.072266 0.106120
17 0.230469 0.100911 0.045898 0.069010
17 0.138672 0.383138 0.034180 0.081380
17 0.469971 0.228516 0.113770 0.122396
17 0.276855 0.397135 0.056641 0.072917
17 0.534424 0.653646 0.079590 0.065104
17 0.855225 0.374349 0.044434 0.091146
17 0.317627 0.889323 0.451660 0.221354
17 0.653320 0.739258 0.069336 0.086589
17 0.967773 0.135742 0.064453 0.086589
17 0.965576 0.036784 0.066895 0.051432
17 0.779297 0.462240 0.078125 0.069010
17 0.605225 0.545898 0.062012 0.067057
