16 0.505055 0.503472 0.989890 0.993056
17 0.554381 0.569036 0.140012 0.178922
17 0.790748 0.421160 0.037990 0.050654
17 0.908854 0.419118 0.020527 0.050654
17 0.861520 0.520425 0.062500 0.031046
17 0.847580 0.603145 0.017463 0.037173
17 0.746324 0.533088 0.033701 0.067810
17 0.620864 0.264706 0.112439 0.071895
17 0.555147 0.786969 0.068627 0.136029
17 0.643382 0.137255 0.020221 0.035131
17 0.887714 0.234477 0.013174 0.066176
17 0.280944 0.193627 0.065564 0.097222
17 0.360447 0.442606 0.070159 0.058415
17 0.431832 0.738154 0.081801 0.066176
