16 0.513580 0.506262 0.972840 0.987476
17 0.194444 0.544798 0.053086 0.091522
17 0.310494 0.439306 0.062963 0.102119
17 0.198148 0.297206 0.040741 0.079961
17 0.372222 0.152697 0.065432 0.051060
17 0.329012 0.318401 0.060494 0.052987
17 0.222222 0.840559 0.093827 0.058767
17 0.333951 0.652697 0.065432 0.056840
17 0.383333 0.578035 0.053086 0.080925
17 0.511728 0.742293 0.053086 0.070328
17 0.924074 0.852601 0.045679 0.078998
17 0.182099 0.735549 0.043210 0.068401
17 0.626543 0.229287 0.040741 0.067437
17 0.748765 0.308767 0.053086 0.056840
17 0.660494 0.317437 0.041975 0.043353
