17 0.211806 0.274254 0.099537 0.070896
17 0.623843 0.447761 0.256944 0.194030
17 0.398148 0.320896 0.125000 0.074627
17 0.353009 0.162313 0.270833 0.115672
17 0.305556 0.906716 0.148148 0.111940
17 0.490741 0.914179 0.106481 0.171642
17 0.679398 0.917910 0.104167 0.104478
17 0.715278 0.742537 0.125000 0.126866
17 0.651620 0.264925 0.104167 0.126866
17 0.212963 0.550373 0.157407 0.048507
17 0.410880 0.488806 0.113426 0.104478
17 0.827546 0.401119 0.085648 0.123134
17 0.528935 0.283582 0.062500 0.089552
17 0.153935 0.940299 0.081019 0.097015
17 0.569444 0.098881 0.027778 0.048507
